0 0
0 0
0 0
0 0
0 0
0 0
1 1
1 1
1 1441
1 1
1 1
1 1
10 10
10 10
10 10
10 10
10 10
10 10
100 100
100 83
100 100
100 100
100 100
100 100
1000 1123
1000 826
1000 826
1000 1211
1000 1000
1000 1000
1001 1001
1001 1001
1001 1001
1001 1001
1001 1001
1001 1001
1002 1002
1002 1002
1002 1002
1002 1002
1002 1002
1002 1002
1003 1003
1003 1003
1003 1003
1003 1003
1003 1003
1003 1003
1004 1004
1004 1004
1004 1004
1004 1004
1004 1004
1004 1004
1005 1005
1005 1005
1005 1005
1005 1005
1005 1005
1005 1005
1006 1006
1006 1006
1006 1006
1006 1006
1006 1006
1006 1006
1007 1007
1007 1007
1007 1007
1007 1007
1007 1007
1007 1007
1008 1008
1008 1008
1008 1008
1008 1008
1008 1008
1008 1008
1009 1009
1009 1009
1009 1009
1009 1009
1009 1009
1009 1009
101 101
101 101
101 101
101 101
101 101
101 101
1010 1010
1010 1010
1010 1010
1010 1010
1010 1010
1010 1010
1011 1011
1011 1011
1011 1011
1011 1011
1011 1011
1011 1011
1012 1012
1012 1012
1012 1012
1012 1012
1012 1012
1012 1012
1013 1013
1013 1013
1013 1013
1013 1013
1013 1013
1013 1013
1014 1014
1014 1014
1014 1014
1014 1014
1014 1014
1014 1014
1015 1015
1015 1015
1015 1015
1015 1015
1015 1015
1015 1015
1016 1016
1016 1016
1016 1016
1016 1016
1016 1016
1016 1016
1017 1017
1017 1017
1017 1017
1017 1017
1017 1017
1017 1017
1018 1018
1018 1018
1018 1018
1018 1018
1018 1018
1018 1018
1019 1019
1019 1019
1019 1019
1019 1019
1019 1019
1019 1019
102 102
102 864
102 102
102 864
102 864
102 102
1020 1020
1020 1020
1020 1020
1020 1020
1020 1020
1020 1020
1021 1021
1021 1021
1021 1021
1021 1021
1021 1021
1021 1021
1022 1022
1022 1022
1022 1022
1022 1022
1022 1022
1022 1022
1023 1023
1023 1023
1023 1023
1023 1023
1023 1023
1023 1023
1024 1024
1024 1024
1024 1024
1024 1024
1024 1024
1024 1024
1025 1025
1025 1025
1025 1025
1025 1025
1025 1025
1025 1025
1026 1026
1026 1026
1026 1026
1026 1026
1026 1026
1026 1026
1027 1027
1027 1027
1027 1027
1027 1027
1027 1027
1027 320
1028 1028
1028 1028
1028 1028
1028 1028
1028 1028
1028 1028
1029 1029
1029 1029
1029 1029
1029 1029
1029 1029
1029 1029
103 103
103 103
103 103
103 103
103 103
103 103
1030 1030
1030 1030
1030 1030
1030 1030
1030 1030
1030 1030
1031 1031
1031 1031
1031 1031
1031 1031
1031 1031
1031 1031
1032 1032
1032 1032
1032 1032
1032 1032
1032 1032
1032 1032
1033 1033
1033 1033
1033 1033
1033 1033
1033 1033
1033 555
1034 752
1034 1034
1034 1034
1034 1034
1034 1034
1034 752
1035 1035
1035 1035
1035 1035
1035 1035
1035 1035
1035 1035
1036 1036
1036 1036
1036 1036
1036 1036
1036 1036
1036 1036
1037 1037
1037 1037
1037 1037
1037 1037
1037 1037
1037 1037
1038 1038
1038 1038
1038 1038
1038 1038
1038 1038
1038 1038
1039 1039
1039 1039
1039 1039
1039 1039
1039 1039
1039 1039
104 104
104 104
104 104
104 104
104 104
104 104
1040 1040
1040 1040
1040 1040
1040 1040
1040 1040
1040 1040
1041 1041
1041 1041
1041 1041
1041 1041
1041 1041
1041 1041
1042 1042
1042 1042
1042 1042
1042 1042
1042 1042
1042 1042
1043 1043
1043 1043
1043 1043
1043 1043
1043 1043
1043 1043
1044 1044
1044 1044
1044 1044
1044 1044
1044 1044
1044 1044
1045 1045
1045 1045
1045 1045
1045 1045
1045 1045
1045 1045
1046 1046
1046 1046
1046 1046
1046 1046
1046 1046
1046 1046
1047 1047
1047 1047
1047 1047
1047 1047
1047 1047
1047 1047
1048 1048
1048 1048
1048 1048
1048 1048
1048 1048
1048 1048
1049 1132
1049 1049
1049 1049
1049 1049
1049 1132
1049 1132
105 24
105 154
105 173
105 120
105 154
105 80
1050 1050
1050 1050
1050 1050
1050 1050
1050 1050
1050 1050
1051 1051
1051 1051
1051 1051
1051 1051
1051 1051
1051 1051
1052 1052
1052 1052
1052 1052
1052 1052
1052 1052
1052 1052
1053 1053
1053 1053
1053 1053
1053 1053
1053 1053
1053 1053
1054 1054
1054 1054
1054 1054
1054 1054
1054 1054
1054 1054
1055 1055
1055 1055
1055 1055
1055 1055
1055 1055
1055 1055
1056 1056
1056 1056
1056 1056
1056 1056
1056 1056
1056 1056
1057 1057
1057 1057
1057 1057
1057 1057
1057 1057
1057 1057
1058 1058
1058 1058
1058 1058
1058 1058
1058 1058
1058 1058
1059 1059
1059 1059
1059 1059
1059 1059
1059 1059
1059 1059
106 106
106 106
106 106
106 106
106 106
106 106
1060 1060
1060 1060
1060 1060
1060 1060
1060 1060
1060 1060
1061 1061
1061 1061
1061 1061
1061 1061
1061 1061
1061 1061
1062 1062
1062 1062
1062 1062
1062 1062
1062 1062
1062 1062
1063 1063
1063 1063
1063 1063
1063 1063
1063 1063
1063 1063
1064 1064
1064 1064
1064 880
1064 1064
1064 1064
1064 973
1065 1065
1065 1065
1065 1065
1065 1065
1065 1065
1065 1065
1066 1066
1066 1066
1066 1066
1066 1066
1066 1066
1066 1066
1067 1067
1067 1067
1067 1067
1067 1067
1067 1067
1067 1067
1068 1068
1068 1068
1068 1068
1068 1068
1068 1068
1068 1180
1069 1069
1069 1069
1069 707
1069 1069
1069 1069
1069 1069
107 107
107 107
107 107
107 107
107 107
107 107
1070 1070
1070 1070
1070 1070
1070 1070
1070 1070
1070 1070
1071 1071
1071 1071
1071 1071
1071 1071
1071 1071
1071 1071
1072 1072
1072 1072
1072 1072
1072 1072
1072 1072
1072 1072
1073 1073
1073 1073
1073 1307
1073 1073
1073 1073
1073 1073
1074 1074
1074 1074
1074 1074
1074 1074
1074 1074
1074 1074
1075 1075
1075 1075
1075 1075
1075 1075
1075 1075
1075 1075
1076 1076
1076 1076
1076 1076
1076 1076
1076 1076
1076 1076
1077 1077
1077 1077
1077 1077
1077 1077
1077 1077
1077 1077
1078 1078
1078 1078
1078 1078
1078 1078
1078 1078
1078 1078
1079 1079
1079 1079
1079 920
1079 1079
1079 1079
1079 1079
108 108
108 108
108 108
108 108
108 108
108 108
1080 1080
1080 1080
1080 1080
1080 1080
1080 1080
1080 1080
1081 1081
1081 1081
1081 1081
1081 1081
1081 1081
1081 1081
1082 1082
1082 1082
1082 168
1082 1082
1082 1082
1082 1082
1083 1083
1083 1083
1083 1083
1083 1083
1083 982
1083 1083
1084 1084
1084 1084
1084 1084
1084 1084
1084 1084
1084 1084
1085 1085
1085 1085
1085 1085
1085 1085
1085 1085
1085 1085
1086 1086
1086 1086
1086 1086
1086 1086
1086 1086
1086 1086
1087 1087
1087 1087
1087 1087
1087 1087
1087 1087
1087 1087
1088 1088
1088 1088
1088 1088
1088 1088
1088 1088
1088 1088
1089 1089
1089 1089
1089 1089
1089 1089
1089 1089
1089 1089
109 109
109 109
109 109
109 109
109 109
109 109
1090 1090
1090 1090
1090 1090
1090 1090
1090 1090
1090 1090
1091 1091
1091 1091
1091 1091
1091 1091
1091 1091
1091 1091
1092 1092
1092 1092
1092 1092
1092 1092
1092 1092
1092 1092
1093 1093
1093 1093
1093 1093
1093 1093
1093 1093
1093 1093
1094 1094
1094 1094
1094 1094
1094 1094
1094 1094
1094 1094
1095 1095
1095 741
1095 741
1095 741
1095 741
1095 741
1096 1096
1096 1096
1096 1096
1096 1096
1096 1096
1096 1096
1097 587
1097 1097
1097 1097
1097 1108
1097 1097
1097 1097
1098 1098
1098 1098
1098 1098
1098 1098
1098 1098
1098 1098
1099 1099
1099 1099
1099 1099
1099 1099
1099 1099
1099 1099
11 11
11 11
11 11
11 11
11 11
11 11
110 1183
110 110
110 110
110 401
110 110
110 945
1100 1100
1100 1100
1100 1100
1100 1100
1100 1100
1100 1100
1101 1101
1101 1101
1101 1101
1101 1101
1101 1101
1101 1101
1102 1102
1102 1102
1102 1102
1102 1102
1102 1102
1102 1102
1103 1103
1103 1103
1103 1103
1103 1103
1103 1103
1103 1103
1104 1104
1104 1104
1104 1104
1104 1104
1104 1104
1104 1104
1105 1105
1105 1105
1105 1105
1105 1105
1105 1105
1105 1105
1106 1106
1106 1106
1106 1106
1106 1106
1106 1106
1106 1106
1107 1243
1107 1107
1107 1107
1107 1107
1107 1107
1107 1274
1108 1108
1108 1108
1108 1108
1108 1108
1108 1108
1108 1108
1109 1109
1109 1214
1109 1354
1109 1109
1109 1109
1109 1109
111 111
111 111
111 111
111 111
111 583
111 111
1110 1110
1110 1110
1110 1110
1110 1110
1110 1110
1110 1110
1111 1111
1111 1111
1111 1111
1111 1111
1111 1111
1111 1111
1112 1112
1112 1112
1112 1123
1112 1112
1112 1112
1112 1112
1113 1113
1113 1113
1113 697
1113 697
1113 1113
1113 1113
1114 1114
1114 1114
1114 1114
1114 1114
1114 1114
1114 1114
1115 1115
1115 1115
1115 902
1115 1115
1115 810
1115 603
1116 248
1116 1116
1116 1116
1116 165
1116 1116
1116 1116
1117 1117
1117 1117
1117 1117
1117 1117
1117 1117
1117 1117
1118 1118
1118 1118
1118 1118
1118 1118
1118 1118
1118 1118
1119 1119
1119 1119
1119 1119
1119 1119
1119 1119
1119 615
112 1082
112 112
112 112
112 112
112 112
112 112
1120 1120
1120 1120
1120 1120
1120 1120
1120 1120
1120 1120
1121 1121
1121 1121
1121 1121
1121 1121
1121 1121
1121 1121
1122 1122
1122 1122
1122 1122
1122 1122
1122 1122
1122 1122
1123 1380
1123 1211
1123 1123
1123 1211
1123 1277
1123 1123
1124 1124
1124 1124
1124 1124
1124 1124
1124 1124
1124 1124
1125 1125
1125 1125
1125 1125
1125 1125
1125 1125
1125 1125
1126 1126
1126 1126
1126 1126
1126 1126
1126 1126
1126 1126
1127 1127
1127 1127
1127 1127
1127 1127
1127 1127
1127 1127
1128 207
1128 207
1128 1128
1128 1128
1128 1183
1128 1128
1129 1129
1129 1129
1129 1129
1129 1129
1129 1129
1129 1129
113 113
113 113
113 113
113 113
113 113
113 113
1130 4
1130 1130
1130 1130
1130 1130
1130 1130
1130 1130
1131 1131
1131 1131
1131 1131
1131 1131
1131 1131
1131 1131
1132 1132
1132 1132
1132 1132
1132 1132
1132 1049
1132 778
1133 1133
1133 1133
1133 1133
1133 1133
1133 1133
1133 1133
1134 1134
1134 1134
1134 1134
1134 1134
1134 1134
1134 1134
1135 1135
1135 1135
1135 1135
1135 1135
1135 1135
1135 1135
1136 1136
1136 1136
1136 1136
1136 1136
1136 1136
1136 1136
1137 1137
1137 1137
1137 1137
1137 1137
1137 1137
1137 1137
1138 1138
1138 1138
1138 1138
1138 1138
1138 1138
1138 1138
1139 1139
1139 1139
1139 1139
1139 1139
1139 1139
1139 1139
114 114
114 114
114 114
114 114
114 114
114 114
1140 705
1140 1140
1140 1140
1140 1140
1140 1140
1140 1140
1141 1141
1141 1141
1141 1141
1141 1141
1141 1141
1141 1141
1142 1142
1142 1142
1142 1142
1142 1370
1142 1142
1142 1142
1143 1143
1143 1143
1143 1143
1143 1143
1143 1143
1143 1143
1144 1144
1144 1144
1144 1144
1144 1144
1144 1144
1144 1144
1145 1145
1145 1145
1145 1145
1145 1145
1145 1145
1145 1145
1146 697
1146 697
1146 1146
1146 1146
1146 1146
1146 1113
1147 1147
1147 596
1147 1147
1147 1147
1147 1147
1147 1147
1148 1148
1148 1359
1148 1148
1148 1148
1148 1148
1148 1148
1149 1149
1149 1149
1149 1149
1149 1149
1149 1149
1149 1149
115 115
115 115
115 115
115 115
115 115
115 115
1150 1150
1150 1150
1150 1150
1150 1150
1150 1150
1150 1150
1151 1151
1151 1151
1151 1151
1151 1151
1151 1151
1151 1151
1152 1152
1152 1152
1152 1152
1152 1152
1152 1152
1152 1152
1153 1153
1153 1153
1153 1153
1153 1153
1153 1153
1153 1153
1154 1154
1154 1154
1154 1154
1154 1154
1154 1154
1154 1154
1155 250
1155 1155
1155 1155
1155 716
1155 1155
1155 1155
1156 1156
1156 1156
1156 1156
1156 1156
1156 1156
1156 1156
1157 1157
1157 1157
1157 1157
1157 1157
1157 1157
1157 1157
1158 1158
1158 1158
1158 1158
1158 1158
1158 1158
1158 1158
1159 1159
1159 1159
1159 1159
1159 1159
1159 1159
1159 1159
116 116
116 116
116 116
116 116
116 116
116 99
1160 992
1160 1160
1160 992
1160 992
1160 1160
1160 791
1161 1161
1161 1161
1161 1161
1161 1161
1161 1161
1161 1161
1162 1162
1162 1162
1162 1162
1162 1162
1162 1162
1162 1162
1163 1163
1163 1163
1163 1163
1163 1163
1163 1163
1163 1163
1164 807
1164 1164
1164 1164
1164 1164
1164 1164
1164 1164
1165 544
1165 1165
1165 1165
1165 1165
1165 1165
1165 1165
1166 1166
1166 1166
1166 1166
1166 1166
1166 1166
1166 1166
1167 1167
1167 1167
1167 1167
1167 1167
1167 1167
1167 1167
1168 1168
1168 1168
1168 1168
1168 1168
1168 1168
1168 1168
1169 1169
1169 1169
1169 1169
1169 1169
1169 1169
1169 1169
117 117
117 117
117 117
117 117
117 117
117 117
1170 1170
1170 1170
1170 1170
1170 1170
1170 1170
1170 1170
1171 1171
1171 1171
1171 1171
1171 1297
1171 1171
1171 1171
1172 1172
1172 1172
1172 1172
1172 1172
1172 1172
1172 1172
1173 1173
1173 1173
1173 1173
1173 1173
1173 1173
1173 1173
1174 1174
1174 1174
1174 1174
1174 1174
1174 1174
1174 1174
1175 1175
1175 1175
1175 1175
1175 1175
1175 1175
1175 1175
1176 1176
1176 1176
1176 388
1176 1176
1176 1176
1176 1176
1177 1177
1177 1177
1177 1177
1177 1177
1177 1177
1177 1177
1178 1178
1178 1178
1178 552
1178 1178
1178 1178
1178 1178
1179 1179
1179 1179
1179 1179
1179 1179
1179 1179
1179 1179
118 118
118 118
118 118
118 118
118 118
118 118
1180 1180
1180 1180
1180 1180
1180 1180
1180 1180
1180 1180
1181 1181
1181 1181
1181 1181
1181 1181
1181 1181
1181 1181
1182 1324
1182 958
1182 1324
1182 1182
1182 1182
1182 1324
1183 207
1183 1183
1183 680
1183 1128
1183 1183
1183 1183
1184 1184
1184 1184
1184 1184
1184 1184
1184 1184
1184 1184
1185 1185
1185 1185
1185 1185
1185 1185
1185 1185
1185 1185
1186 1186
1186 1186
1186 1186
1186 1186
1186 1186
1186 1186
1187 1187
1187 1187
1187 1187
1187 1187
1187 1187
1187 1187
1188 1188
1188 1188
1188 1188
1188 1188
1188 1188
1188 1188
1189 1189
1189 1189
1189 1189
1189 1189
1189 1189
1189 1189
119 209
119 280
119 175
119 28
119 280
119 136
1190 1190
1190 1190
1190 1190
1190 1190
1190 1190
1190 1190
1191 1191
1191 1191
1191 1191
1191 1191
1191 1191
1191 1191
1192 1192
1192 1192
1192 1192
1192 1192
1192 1192
1192 1192
1193 978
1193 978
1193 1193
1193 978
1193 721
1193 978
1194 1194
1194 1194
1194 1194
1194 1194
1194 1194
1194 1194
1195 1195
1195 1370
1195 1195
1195 1195
1195 1195
1195 1195
1196 1196
1196 1196
1196 1196
1196 1196
1196 1196
1196 1196
1197 1197
1197 1197
1197 1197
1197 1197
1197 1197
1197 1197
1198 1198
1198 1198
1198 1329
1198 1198
1198 1198
1198 1198
1199 266
1199 1199
1199 1199
1199 1199
1199 266
1199 1199
12 12
12 12
12 12
12 1116
12 12
12 12
120 39
120 39
120 56
120 90
120 85
120 150
1200 1200
1200 1200
1200 1200
1200 1200
1200 1200
1200 1200
1201 1201
1201 1201
1201 1201
1201 1201
1201 1201
1201 1476
1202 1202
1202 1202
1202 1202
1202 1202
1202 1202
1202 1202
1203 1203
1203 1203
1203 1203
1203 1203
1203 1203
1203 1203
1204 752
1204 569
1204 1204
1204 1204
1204 102
1204 1204
1205 1205
1205 1205
1205 1205
1205 1205
1205 1205
1205 1205
1206 1206
1206 1206
1206 1206
1206 1206
1206 1206
1206 1206
1207 1207
1207 1207
1207 1207
1207 1207
1207 1207
1207 1207
1208 1208
1208 1208
1208 123
1208 1208
1208 1208
1208 1208
1209 1209
1209 1209
1209 1209
1209 1209
1209 1209
1209 1209
121 121
121 121
121 121
121 121
121 121
121 121
1210 1210
1210 1210
1210 1210
1210 1210
1210 1166
1210 1210
1211 1123
1211 1123
1211 1123
1211 1123
1211 826
1211 1123
1212 1212
1212 1212
1212 1212
1212 1212
1212 1212
1212 1212
1213 1213
1213 1213
1213 1213
1213 1213
1213 1213
1213 1213
1214 1214
1214 1214
1214 1214
1214 1214
1214 1214
1214 1214
1215 1215
1215 1215
1215 1215
1215 266
1215 1215
1215 1215
1216 1216
1216 1216
1216 1216
1216 1216
1216 1216
1216 1216
1217 1217
1217 1217
1217 1217
1217 1217
1217 1217
1217 1217
1218 1218
1218 1218
1218 1218
1218 1218
1218 1218
1218 1218
1219 1219
1219 1219
1219 1219
1219 1219
1219 1219
1219 1219
122 122
122 767
122 122
122 122
122 122
122 122
1220 1220
1220 1220
1220 1220
1220 1220
1220 1220
1220 1220
1221 1221
1221 1221
1221 1221
1221 1221
1221 1221
1221 1221
1222 1222
1222 1222
1222 1222
1222 1222
1222 1222
1222 1222
1223 1223
1223 1223
1223 1223
1223 1223
1223 1223
1223 1223
1224 1224
1224 1224
1224 1224
1224 1224
1224 1224
1224 1224
1225 1225
1225 1225
1225 1225
1225 1225
1225 1225
1225 1225
1226 1226
1226 1226
1226 1226
1226 1226
1226 1226
1226 1226
1227 1227
1227 1227
1227 1227
1227 1227
1227 1227
1227 1227
1228 1228
1228 1228
1228 1228
1228 1228
1228 1228
1228 1228
1229 1229
1229 1229
1229 1229
1229 1229
1229 1229
1229 1229
123 127
123 283
123 16
123 7
123 87
123 7
1230 1230
1230 1230
1230 1230
1230 1230
1230 1230
1230 1230
1231 1231
1231 1231
1231 1231
1231 1231
1231 1231
1231 1231
1232 1232
1232 1232
1232 1232
1232 1232
1232 1232
1232 1232
1233 1233
1233 1233
1233 1233
1233 1233
1233 1233
1233 1233
1234 1234
1234 1234
1234 1234
1234 1234
1234 1234
1234 1234
1235 1235
1235 1235
1235 1235
1235 1235
1235 1235
1235 1235
1236 1236
1236 1236
1236 1236
1236 1236
1236 1236
1236 1236
1237 1237
1237 1237
1237 1237
1237 1237
1237 1237
1237 1237
1238 1238
1238 1238
1238 1238
1238 1238
1238 1238
1238 1238
1239 1239
1239 1239
1239 1239
1239 1239
1239 1239
1239 1239
124 124
124 124
124 124
124 124
124 124
124 124
1240 1240
1240 1240
1240 1240
1240 1240
1240 1183
1240 1240
1241 1241
1241 1241
1241 1241
1241 694
1241 1241
1241 1241
1242 1242
1242 1242
1242 1242
1242 1242
1242 1242
1242 1242
1243 1107
1243 1243
1243 1243
1243 1243
1243 1243
1243 1243
1244 1244
1244 1244
1244 1244
1244 1244
1244 1244
1244 1244
1245 1245
1245 1245
1245 1245
1245 1245
1245 1245
1245 234
1246 1246
1246 1246
1246 1246
1246 1246
1246 1246
1246 1246
1247 1247
1247 1247
1247 1247
1247 1247
1247 1247
1247 1247
1248 1248
1248 1248
1248 1123
1248 1248
1248 1248
1248 1248
1249 1249
1249 1249
1249 1249
1249 1249
1249 1249
1249 1249
125 125
125 125
125 125
125 125
125 125
125 125
1250 1250
1250 1250
1250 1250
1250 1250
1250 1250
1250 1250
1251 1251
1251 1251
1251 1251
1251 1251
1251 1251
1251 1251
1252 1252
1252 266
1252 1252
1252 1252
1252 1252
1252 1252
1253 1253
1253 1253
1253 1253
1253 1253
1253 1253
1253 1253
1254 1254
1254 1254
1254 1254
1254 1254
1254 1254
1254 1254
1255 1255
1255 1255
1255 1255
1255 1255
1255 1255
1255 1255
1256 1256
1256 1256
1256 1256
1256 1256
1256 1256
1256 1256
1257 1257
1257 1257
1257 1257
1257 1257
1257 1257
1257 1257
1258 1258
1258 1258
1258 1258
1258 1258
1258 1258
1258 1258
1259 1259
1259 1259
1259 1259
1259 1259
1259 1259
1259 1259
126 126
126 126
126 126
126 126
126 126
126 126
1260 1260
1260 1260
1260 1260
1260 1260
1260 1260
1260 1260
1261 1261
1261 1261
1261 1261
1261 1261
1261 1261
1261 1261
1262 1262
1262 1262
1262 1262
1262 1262
1262 1262
1262 1211
1263 1263
1263 1263
1263 1263
1263 1263
1263 1263
1263 1263
1264 1264
1264 680
1264 1264
1264 1264
1264 1264
1264 1264
1265 1265
1265 1265
1265 1265
1265 1265
1265 1265
1265 1265
1266 1266
1266 1266
1266 1266
1266 1266
1266 1266
1266 1266
1267 1267
1267 1267
1267 1267
1267 1267
1267 1267
1267 1267
1268 1268
1268 1268
1268 1268
1268 1268
1268 1268
1268 1268
1269 184
1269 1269
1269 1269
1269 1269
1269 1269
1269 1269
127 25
127 127
127 25
127 25
127 498
127 327
1270 1270
1270 1270
1270 1270
1270 1270
1270 1270
1270 1270
1271 1271
1271 1271
1271 1271
1271 1271
1271 1271
1271 1271
1272 1272
1272 1272
1272 1272
1272 1272
1272 1132
1272 1049
1273 1273
1273 1273
1273 1273
1273 1273
1273 1273
1273 1273
1274 1274
1274 1107
1274 1274
1274 1274
1274 1274
1274 1274
1275 1275
1275 1275
1275 1275
1275 607
1275 1275
1275 1275
1276 773
1276 1276
1276 1276
1276 1276
1276 1276
1276 1276
1277 826
1277 1277
1277 1277
1277 1211
1277 826
1277 826
1278 1278
1278 1278
1278 1278
1278 825
1278 1318
1278 1417
1279 1279
1279 1279
1279 1279
1279 1279
1279 1279
1279 1279
128 128
128 128
128 128
128 128
128 128
128 128
1280 1280
1280 1280
1280 1280
1280 1280
1280 1280
1280 1280
1281 1281
1281 1281
1281 1281
1281 1281
1281 1281
1281 1281
1282 1282
1282 1282
1282 1282
1282 1282
1282 1293
1282 1282
1283 1283
1283 1283
1283 1283
1283 1283
1283 1283
1283 1283
1284 1284
1284 1284
1284 1284
1284 1284
1284 1284
1284 1284
1285 1285
1285 1285
1285 1285
1285 1285
1285 1285
1285 1285
1286 1286
1286 1286
1286 1286
1286 1286
1286 1286
1286 1286
1287 1287
1287 1287
1287 1287
1287 1287
1287 1287
1287 1287
1288 1288
1288 1288
1288 1288
1288 1288
1288 1288
1288 1288
1289 1289
1289 1289
1289 1289
1289 1289
1289 1289
1289 1289
129 129
129 129
129 129
129 129
129 129
129 129
1290 1290
1290 1290
1290 1290
1290 1290
1290 1290
1290 1290
1291 1291
1291 1291
1291 1291
1291 1291
1291 1152
1291 1291
1292 1292
1292 1292
1292 1365
1292 545
1292 545
1292 545
1293 1293
1293 1293
1293 1293
1293 1293
1293 1293
1293 805
1294 1294
1294 1294
1294 1294
1294 1294
1294 1294
1294 1294
1295 1295
1295 1295
1295 1295
1295 1295
1295 1295
1295 1295
1296 1296
1296 853
1296 1296
1296 1296
1296 1296
1296 1296
1297 1172
1297 1297
1297 1297
1297 1297
1297 1297
1297 1297
1298 1298
1298 1298
1298 1298
1298 1298
1298 1298
1298 1298
1299 1299
1299 1299
1299 1299
1299 1299
1299 1299
1299 1299
13 13
13 13
13 13
13 1453
13 13
13 13
130 130
130 130
130 130
130 130
130 130
130 130
1300 1300
1300 1300
1300 1300
1300 1300
1300 1300
1300 1300
1301 1301
1301 1301
1301 1301
1301 1301
1301 1301
1301 1301
1302 1302
1302 1302
1302 1302
1302 1302
1302 1424
1302 1302
1303 1303
1303 1303
1303 1303
1303 1303
1303 1303
1303 1303
1304 1304
1304 1304
1304 1304
1304 1304
1304 1304
1304 1304
1305 1305
1305 1305
1305 1305
1305 1305
1305 1305
1305 1305
1306 1306
1306 1306
1306 1306
1306 1306
1306 1306
1306 1306
1307 1307
1307 1307
1307 1307
1307 1307
1307 1307
1307 1307
1308 1308
1308 1308
1308 1308
1308 1308
1308 1308
1308 1308
1309 1309
1309 1309
1309 1309
1309 1309
1309 1309
1309 1309
131 131
131 131
131 131
131 131
131 131
131 131
1310 1310
1310 1310
1310 1310
1310 1310
1310 1310
1310 1310
1311 1311
1311 1311
1311 1311
1311 1311
1311 1311
1311 1311
1312 1312
1312 1312
1312 1312
1312 1312
1312 1312
1312 1312
1313 1313
1313 1313
1313 1313
1313 1313
1313 1313
1313 1313
1314 1314
1314 1314
1314 1314
1314 1314
1314 1314
1314 1314
1315 1315
1315 1315
1315 1315
1315 1315
1315 1315
1315 1315
1316 1316
1316 1316
1316 1316
1316 1316
1316 1316
1316 1316
1317 1317
1317 1317
1317 1317
1317 1317
1317 1317
1317 1317
1318 1318
1318 1278
1318 1278
1318 1278
1318 1278
1318 1287
1319 1319
1319 1319
1319 1319
1319 1319
1319 1319
1319 1319
132 132
132 132
132 132
132 132
132 132
132 132
1320 1320
1320 1320
1320 1320
1320 1320
1320 1320
1320 1320
1321 1321
1321 1321
1321 1034
1321 1321
1321 1321
1321 1321
1322 1322
1322 1322
1322 1322
1322 1322
1322 1322
1322 1322
1323 1323
1323 1323
1323 1323
1323 1323
1323 1323
1323 1323
1324 1324
1324 1324
1324 314
1324 958
1324 1324
1324 1324
1325 1325
1325 1325
1325 880
1325 1325
1325 1325
1325 1325
1326 1326
1326 1326
1326 1326
1326 1326
1326 1326
1326 1326
1327 1327
1327 1327
1327 1327
1327 1327
1327 1327
1327 1327
1328 1328
1328 1328
1328 1328
1328 1328
1328 1328
1328 1328
1329 1329
1329 1329
1329 1329
1329 1329
1329 1329
1329 1329
133 133
133 133
133 133
133 133
133 133
133 133
1330 1330
1330 1330
1330 1330
1330 1330
1330 1330
1330 1330
1331 1331
1331 1331
1331 1331
1331 1331
1331 1331
1331 1331
1332 1332
1332 1332
1332 1332
1332 1332
1332 1332
1332 1332
1333 1333
1333 1333
1333 1333
1333 1333
1333 1333
1333 1333
1334 1334
1334 1334
1334 1334
1334 1334
1334 1334
1334 1334
1335 1335
1335 1335
1335 1335
1335 1335
1335 1335
1335 1335
1336 1336
1336 1336
1336 1336
1336 1336
1336 1336
1336 1336
1337 1337
1337 1337
1337 1337
1337 1337
1337 1337
1337 1337
1338 1338
1338 1338
1338 1338
1338 1338
1338 1338
1338 1338
1339 1339
1339 1339
1339 1339
1339 1339
1339 1339
1339 1339
134 134
134 1424
134 134
134 1049
134 134
134 134
1340 1340
1340 1340
1340 1340
1340 1340
1340 1340
1340 1340
1341 1341
1341 1341
1341 1341
1341 1341
1341 1341
1341 1341
1342 1342
1342 1342
1342 1342
1342 1342
1342 1342
1342 1342
1343 1343
1343 1343
1343 1343
1343 1343
1343 1343
1343 1343
1344 1344
1344 1344
1344 1344
1344 1344
1344 1344
1344 1344
1345 1345
1345 1345
1345 1345
1345 1345
1345 1345
1345 1345
1346 1346
1346 1346
1346 1346
1346 1346
1346 1346
1346 1346
1347 1347
1347 1347
1347 1347
1347 1347
1347 1347
1347 1347
1348 1348
1348 1348
1348 1348
1348 1348
1348 1348
1348 1348
1349 1349
1349 1349
1349 1349
1349 1349
1349 1349
1349 1349
135 135
135 135
135 135
135 135
135 135
135 135
1350 1350
1350 1350
1350 1350
1350 1350
1350 1350
1350 1350
1351 1351
1351 1351
1351 1351
1351 1351
1351 1351
1351 1351
1352 1352
1352 1352
1352 1352
1352 1352
1352 778
1352 1352
1353 1353
1353 1353
1353 1353
1353 1353
1353 1353
1353 1353
1354 1354
1354 1354
1354 1354
1354 1354
1354 1354
1354 1354
1355 1355
1355 1355
1355 1355
1355 1355
1355 1355
1355 1355
1356 1356
1356 1356
1356 1356
1356 1356
1356 1356
1356 1356
1357 1357
1357 1357
1357 1357
1357 1357
1357 1357
1357 1357
1358 1358
1358 1358
1358 1358
1358 1358
1358 1358
1358 1358
1359 1035
1359 1359
1359 1359
1359 1359
1359 1359
1359 1359
136 136
136 40
136 208
136 36
136 191
136 476
1360 1360
1360 1360
1360 1360
1360 1360
1360 1360
1360 1360
1361 1361
1361 1361
1361 1361
1361 1361
1361 1361
1361 1369
1362 1362
1362 1362
1362 1362
1362 1362
1362 1362
1362 1362
1363 1363
1363 1363
1363 1363
1363 1363
1363 1363
1363 1363
1364 1364
1364 1364
1364 1364
1364 1364
1364 1364
1364 1364
1365 1365
1365 1292
1365 1365
1365 545
1365 355
1365 1365
1366 1366
1366 1366
1366 1366
1366 1366
1366 1366
1366 1160
1367 1367
1367 1367
1367 1367
1367 1367
1367 1367
1367 1367
1368 1378
1368 1378
1368 942
1368 1368
1368 1378
1368 1368
1369 1369
1369 1369
1369 1369
1369 1369
1369 1369
1369 1369
137 154
137 85
137 173
137 105
137 80
137 137
1370 1370
1370 1370
1370 1370
1370 1370
1370 1370
1370 1370
1371 1371
1371 467
1371 1371
1371 1371
1371 1371
1371 1371
1372 1372
1372 1372
1372 1372
1372 1372
1372 1372
1372 1372
1373 1373
1373 1373
1373 1373
1373 1373
1373 1373
1373 1373
1374 1374
1374 1374
1374 1374
1374 1374
1374 1374
1374 1374
1375 1375
1375 1375
1375 1375
1375 1375
1375 1375
1375 1375
1376 1376
1376 1376
1376 1376
1376 1376
1376 1376
1376 1376
1377 1377
1377 1377
1377 1377
1377 1377
1377 1377
1377 1377
1378 1368
1378 1378
1378 1378
1378 1368
1378 1368
1378 1378
1379 1379
1379 1379
1379 1379
1379 1379
1379 1379
1379 1379
138 138
138 138
138 138
138 138
138 138
138 138
1380 443
1380 1380
1380 443
1380 443
1380 1123
1380 443
1381 1381
1381 1381
1381 1381
1381 1381
1381 1381
1381 1381
1382 1382
1382 1382
1382 1382
1382 1382
1382 1382
1382 1382
1383 1383
1383 1383
1383 1383
1383 1383
1383 1383
1383 1383
1384 1384
1384 1384
1384 1384
1384 1384
1384 1384
1384 1384
1385 1385
1385 1385
1385 1385
1385 1385
1385 1385
1385 1385
1386 1386
1386 1386
1386 1386
1386 878
1386 878
1386 1386
1387 1387
1387 1387
1387 1387
1387 1387
1387 1387
1387 376
1388 1388
1388 1344
1388 1388
1388 1388
1388 1388
1388 1388
1389 1389
1389 1389
1389 1389
1389 1389
1389 1389
1389 1389
139 87
139 87
139 7
139 1396
139 87
139 283
1390 1390
1390 1390
1390 1390
1390 1390
1390 1390
1390 1390
1391 1391
1391 1391
1391 1391
1391 1391
1391 1182
1391 1391
1392 1392
1392 1392
1392 1392
1392 1392
1392 1392
1392 1392
1393 1393
1393 1393
1393 1393
1393 1393
1393 1393
1393 1393
1394 1394
1394 1394
1394 1394
1394 1394
1394 1394
1394 1394
1395 1395
1395 1395
1395 1395
1395 1307
1395 1395
1395 1395
1396 1396
1396 1396
1396 1396
1396 1396
1396 1396
1396 1396
1397 1397
1397 1397
1397 1397
1397 1397
1397 1397
1397 1397
1398 1398
1398 1398
1398 1398
1398 1398
1398 1398
1398 1398
1399 1399
1399 1399
1399 1399
1399 1399
1399 1399
1399 1399
14 14
14 14
14 1457
14 604
14 14
14 14
140 140
140 140
140 140
140 140
140 140
140 140
1400 1413
1400 1400
1400 1400
1400 1400
1400 1400
1400 1400
1401 1401
1401 1401
1401 1401
1401 1401
1401 1401
1401 1401
1402 1402
1402 878
1402 1402
1402 1402
1402 1402
1402 1402
1403 1403
1403 1403
1403 1403
1403 1403
1403 1403
1403 1403
1404 1404
1404 1404
1404 1404
1404 1404
1404 1404
1404 1404
1405 1405
1405 1405
1405 1405
1405 1405
1405 1405
1405 1405
1406 1406
1406 1406
1406 1406
1406 1406
1406 1406
1406 1406
1407 1407
1407 1407
1407 1407
1407 1407
1407 1407
1407 1407
1408 1408
1408 1408
1408 1408
1408 1408
1408 1408
1408 1408
1409 1409
1409 1409
1409 1409
1409 1409
1409 1409
1409 1409
141 476
141 438
141 119
141 254
141 141
141 23
1410 1410
1410 1410
1410 1410
1410 1410
1410 1410
1410 1410
1411 1411
1411 1411
1411 1411
1411 1411
1411 1411
1411 1411
1412 1412
1412 1412
1412 1412
1412 1412
1412 1412
1412 1412
1413 1413
1413 1413
1413 1413
1413 1413
1413 1413
1413 1413
1414 1414
1414 1414
1414 403
1414 1414
1414 1414
1414 1414
1415 1415
1415 1415
1415 1415
1415 1415
1415 1415
1415 1415
1416 1416
1416 1416
1416 1416
1416 1416
1416 1416
1416 1416
1417 825
1417 1417
1417 1417
1417 1417
1417 1417
1417 1417
1418 1418
1418 1418
1418 1418
1418 1418
1418 1418
1418 1418
1419 1419
1419 1419
1419 1419
1419 1419
1419 1419
1419 1419
142 36
142 23
142 268
142 267
142 209
142 40
1420 1420
1420 1420
1420 1420
1420 1420
1420 1420
1420 1420
1421 1421
1421 1421
1421 1421
1421 1421
1421 1421
1421 1421
1422 1306
1422 1422
1422 1422
1422 1306
1422 1422
1422 1422
1423 1423
1423 913
1423 1423
1423 1423
1423 1423
1423 1423
1424 1424
1424 1424
1424 1424
1424 1302
1424 916
1424 1424
1425 1425
1425 1425
1425 1425
1425 1425
1425 1425
1425 1425
1426 1426
1426 1426
1426 1426
1426 1426
1426 1426
1426 1426
1427 1427
1427 1427
1427 1427
1427 1427
1427 1427
1427 1427
1428 1428
1428 1428
1428 1428
1428 1428
1428 1428
1428 1428
1429 1429
1429 1429
1429 470
1429 1429
1429 889
1429 1429
143 143
143 143
143 143
143 143
143 143
143 143
1430 1430
1430 1430
1430 1430
1430 1430
1430 1430
1430 1430
1431 1431
1431 1431
1431 1431
1431 1431
1431 1431
1431 1431
1432 1432
1432 1432
1432 1432
1432 1432
1432 1432
1432 1432
1433 1433
1433 1433
1433 1433
1433 1433
1433 1433
1433 1433
1434 1434
1434 1434
1434 1434
1434 1434
1434 1015
1434 1434
1435 1435
1435 1435
1435 1435
1435 1435
1435 1435
1435 1435
1436 1436
1436 1436
1436 1436
1436 1436
1436 1436
1436 1436
1437 1437
1437 1437
1437 1437
1437 1437
1437 1437
1437 1437
1438 1438
1438 1438
1438 1438
1438 1438
1438 565
1438 1438
1439 1439
1439 1439
1439 1439
1439 1439
1439 1439
1439 1439
144 144
144 144
144 144
144 144
144 144
144 144
1440 1440
1440 1440
1440 1440
1440 1440
1440 1440
1440 1440
1441 1441
1441 1441
1441 1441
1441 1441
1441 1441
1441 1441
1442 1442
1442 1442
1442 1442
1442 1442
1442 1480
1442 1442
1443 1443
1443 1443
1443 1443
1443 1443
1443 1443
1443 1443
1444 1444
1444 1444
1444 1444
1444 1444
1444 1444
1444 1444
1445 1445
1445 1445
1445 1183
1445 1445
1445 1445
1445 1445
1446 1446
1446 1446
1446 1446
1446 1446
1446 1446
1446 1446
1447 1447
1447 1447
1447 1447
1447 1447
1447 1447
1447 1447
1448 1448
1448 1448
1448 1448
1448 1448
1448 1448
1448 1448
1449 1449
1449 1449
1449 1449
1449 1449
1449 1449
1449 1449
145 145
145 145
145 145
145 145
145 145
145 145
1450 1450
1450 1450
1450 1450
1450 1450
1450 1450
1450 1450
1451 1451
1451 1451
1451 1451
1451 1451
1451 1451
1451 1451
1452 1452
1452 1452
1452 1452
1452 1452
1452 12
1452 1452
1453 1453
1453 1453
1453 1453
1453 1453
1453 1453
1453 1453
1454 1454
1454 1454
1454 1454
1454 1454
1454 1454
1454 1454
1455 1455
1455 1455
1455 1455
1455 1455
1455 1455
1455 1455
1456 1456
1456 1456
1456 1456
1456 1456
1456 1456
1456 1456
1457 1457
1457 1457
1457 1457
1457 1457
1457 1457
1457 1457
1458 1458
1458 1458
1458 1458
1458 1458
1458 1458
1458 1458
1459 1459
1459 1459
1459 1459
1459 1459
1459 1459
1459 1459
146 146
146 146
146 1114
146 146
146 146
146 146
1460 1049
1460 1049
1460 1460
1460 1460
1460 1460
1460 1460
1461 1461
1461 1461
1461 1461
1461 1461
1461 1461
1461 1461
1462 1462
1462 1462
1462 1462
1462 1462
1462 1462
1462 1462
1463 1463
1463 1463
1463 1463
1463 1463
1463 1463
1463 1463
1464 1464
1464 992
1464 992
1464 798
1464 15
1464 798
1465 1465
1465 1465
1465 1465
1465 1465
1465 1465
1465 1465
1466 1466
1466 1132
1466 1466
1466 1466
1466 1466
1466 1466
1467 1467
1467 1467
1467 1467
1467 1467
1467 1467
1467 1467
1468 1468
1468 1468
1468 1468
1468 1468
1468 1468
1468 1468
1469 1469
1469 1469
1469 1469
1469 1469
1469 1469
1469 1469
147 156
147 147
147 147
147 147
147 147
147 147
1470 1470
1470 1470
1470 1470
1470 1470
1470 1470
1470 1470
1471 1471
1471 1471
1471 1000
1471 1471
1471 1471
1471 1471
1472 1472
1472 1472
1472 1472
1472 1472
1472 1472
1472 1472
1473 1473
1473 1473
1473 1473
1473 1473
1473 1473
1473 1473
1474 1474
1474 1474
1474 1474
1474 1474
1474 1474
1474 1474
1475 1475
1475 1475
1475 1475
1475 1475
1475 1475
1475 1475
1476 1476
1476 1476
1476 1476
1476 1476
1476 1476
1476 20
1477 1477
1477 1477
1477 1477
1477 1477
1477 1477
1477 1477
1478 1478
1478 1478
1478 1478
1478 1478
1478 1478
1478 1478
1479 1479
1479 1479
1479 1479
1479 749
1479 1479
1479 1479
148 148
148 148
148 148
148 148
148 148
148 148
1480 1480
1480 1480
1480 1480
1480 1480
1480 1480
1480 1480
1481 1481
1481 1481
1481 1481
1481 1481
1481 276
1481 1481
1482 1482
1482 1482
1482 1482
1482 1482
1482 1482
1482 1482
1483 1483
1483 1483
1483 1483
1483 1483
1483 1483
1483 1483
1484 1484
1484 1484
1484 1484
1484 1484
1484 1484
1484 1484
1485 1485
1485 1485
1485 1485
1485 1485
1485 1250
1485 480
1486 1486
1486 1486
1486 1486
1486 1486
1486 1486
1486 1486
1487 1487
1487 1487
1487 1487
1487 1487
1487 1487
1487 1487
1488 165
1488 1488
1488 1488
1488 1488
1488 1488
1488 1488
1489 1489
1489 1489
1489 1489
1489 1489
1489 1489
1489 1489
149 149
149 149
149 149
149 149
149 149
149 149
1490 1490
1490 1490
1490 1490
1490 1490
1490 1490
1490 1490
1491 1491
1491 1491
1491 1491
1491 1491
1491 1491
1491 1491
1492 467
1492 1492
1492 1492
1492 1492
1492 1371
1492 1492
1493 1493
1493 1493
1493 1493
1493 1493
1493 1493
1493 1493
1494 1494
1494 1494
1494 1494
1494 1494
1494 1494
1494 1494
1495 1495
1495 1495
1495 1495
1495 1495
1495 1495
1495 1495
1496 1496
1496 1496
1496 1496
1496 1496
1496 1496
1496 1496
1497 1497
1497 1497
1497 1497
1497 1497
1497 1497
1497 1497
1498 419
1498 1498
1498 1498
1498 1498
1498 1498
1498 1498
1499 1499
1499 1499
1499 1499
1499 1499
1499 1499
1499 1499
15 15
15 15
15 15
15 15
15 15
15 15
150 1159
150 35
150 155
150 90
150 154
150 155
151 151
151 151
151 151
151 151
151 151
151 151
152 152
152 152
152 1496
152 152
152 152
152 152
153 153
153 153
153 153
153 153
153 153
153 153
154 61
154 56
154 105
154 154
154 173
154 120
155 120
155 105
155 90
155 150
155 56
155 173
156 191
156 28
156 23
156 67
156 330
156 208
157 157
157 1359
157 157
157 157
157 157
157 157
158 158
158 158
158 158
158 158
158 158
158 158
159 159
159 159
159 159
159 159
159 159
159 159
16 498
16 25
16 71
16 71
16 87
16 498
160 160
160 160
160 160
160 160
160 160
160 160
161 161
161 161
161 161
161 161
161 161
161 161
162 162
162 162
162 162
162 162
162 70
162 162
163 163
163 163
163 163
163 163
163 163
163 163
164 164
164 164
164 164
164 164
164 164
164 164
165 230
165 165
165 165
165 165
165 165
165 165
166 310
166 431
166 431
166 166
166 429
166 429
167 167
167 167
167 167
167 167
167 167
167 167
168 168
168 168
168 168
168 168
168 168
168 168
169 169
169 169
169 1116
169 169
169 169
169 169
17 17
17 17
17 17
17 17
17 17
17 17
170 170
170 170
170 170
170 170
170 170
170 170
171 171
171 171
171 171
171 171
171 171
171 171
172 172
172 172
172 172
172 172
172 172
172 172
173 39
173 120
173 154
173 183
173 80
173 85
174 174
174 174
174 174
174 174
174 174
174 174
175 217
175 208
175 33
175 67
175 330
175 230
176 176
176 176
176 176
176 176
176 176
176 176
177 177
177 177
177 177
177 177
177 177
177 177
178 178
178 178
178 178
178 178
178 178
178 178
179 179
179 179
179 179
179 179
179 179
179 179
18 18
18 18
18 18
18 18
18 18
18 18
180 212
180 180
180 212
180 180
180 28
180 180
181 181
181 181
181 181
181 181
181 305
181 181
182 182
182 182
182 348
182 182
182 182
182 182
183 154
183 150
183 61
183 61
183 173
183 85
184 184
184 184
184 184
184 184
184 184
184 184
185 185
185 185
185 185
185 185
185 185
185 185
186 186
186 186
186 186
186 186
186 186
186 186
187 187
187 187
187 187
187 187
187 312
187 187
188 188
188 188
188 188
188 188
188 188
188 188
189 189
189 189
189 189
189 189
189 189
189 189
19 19
19 19
19 19
19 1301
19 19
19 19
190 190
190 190
190 190
190 190
190 190
190 190
191 136
191 27
191 28
191 219
191 27
191 217
192 192
192 192
192 192
192 192
192 192
192 192
193 193
193 193
193 193
193 193
193 193
193 193
194 421
194 421
194 194
194 194
194 421
194 194
195 195
195 195
195 195
195 195
195 195
195 195
196 196
196 196
196 196
196 196
196 196
196 196
197 197
197 197
197 197
197 197
197 197
197 197
198 198
198 198
198 198
198 198
198 198
198 198
199 199
199 199
199 199
199 199
199 199
199 199
2 2
2 2
2 2
2 2
2 2
2 2
20 20
20 20
20 20
20 20
20 20
20 20
200 200
200 200
200 200
200 200
200 200
200 200
201 201
201 201
201 201
201 201
201 201
201 201
202 202
202 202
202 202
202 202
202 202
202 202
203 203
203 203
203 203
203 203
203 203
203 203
204 204
204 204
204 204
204 1331
204 204
204 204
205 205
205 205
205 205
205 205
205 205
205 205
206 306
206 206
206 206
206 206
206 206
206 206
207 207
207 1183
207 980
207 1183
207 1128
207 333
208 212
208 191
208 268
208 180
208 209
208 191
209 40
209 180
209 219
209 23
209 36
209 268
21 21
21 21
21 21
21 21
21 21
21 21
210 210
210 210
210 210
210 210
210 210
210 210
211 211
211 211
211 211
211 211
211 211
211 211
212 119
212 302
212 428
212 438
212 996
212 217
213 213
213 213
213 213
213 213
213 213
213 213
214 214
214 214
214 214
214 214
214 214
214 214
215 215
215 215
215 215
215 215
215 215
215 215
216 216
216 216
216 216
216 216
216 216
216 216
217 219
217 119
217 428
217 212
217 191
217 330
218 218
218 218
218 218
218 218
218 218
218 218
219 36
219 268
219 142
219 217
219 191
219 142
22 22
22 22
22 22
22 22
22 22
22 22
220 220
220 220
220 220
220 220
220 220
220 220
221 221
221 221
221 221
221 221
221 221
221 221
222 222
222 222
222 222
222 222
222 222
222 222
223 223
223 223
223 223
223 223
223 223
223 223
224 224
224 224
224 224
224 224
224 224
224 224
225 726
225 225
225 225
225 225
225 225
225 225
226 226
226 226
226 226
226 226
226 226
226 226
227 227
227 227
227 227
227 227
227 227
227 227
228 228
228 470
228 228
228 228
228 228
228 228
229 229
229 297
229 229
229 229
229 297
229 229
23 33
23 212
23 476
23 36
23 27
23 141
230 212
230 175
230 180
230 428
230 267
230 36
231 231
231 231
231 231
231 1245
231 231
231 231
232 232
232 232
232 232
232 232
232 541
232 232
233 233
233 233
233 233
233 233
233 233
233 233
234 234
234 234
234 234
234 234
234 234
234 234
235 235
235 235
235 235
235 235
235 235
235 235
236 236
236 236
236 236
236 449
236 236
236 236
237 237
237 237
237 1168
237 1480
237 237
237 1328
238 238
238 238
238 238
238 238
238 238
238 238
239 295
239 239
239 239
239 239
239 239
239 239
24 65
24 61
24 604
24 155
24 65
24 150
240 240
240 240
240 240
240 240
240 240
240 240
241 241
241 241
241 241
241 241
241 241
241 241
242 272
242 242
242 635
242 242
242 242
242 242
243 243
243 243
243 243
243 243
243 243
243 243
244 244
244 244
244 244
244 244
244 244
244 244
245 245
245 245
245 245
245 245
245 245
245 245
246 246
246 246
246 246
246 113
246 246
246 246
247 247
247 247
247 247
247 247
247 1112
247 247
248 297
248 248
248 248
248 229
248 248
248 229
249 249
249 249
249 249
249 502
249 249
249 249
25 283
25 327
25 25
25 25
25 7
25 71
250 250
250 250
250 250
250 250
250 250
250 250
251 251
251 251
251 251
251 251
251 22
251 251
252 252
252 252
252 252
252 252
252 252
252 252
253 253
253 253
253 253
253 253
253 535
253 253
254 209
254 141
254 136
254 217
254 141
254 40
255 255
255 255
255 255
255 255
255 988
255 1424
256 256
256 256
256 256
256 256
256 256
256 256
257 257
257 257
257 257
257 257
257 1476
257 257
258 258
258 258
258 258
258 258
258 258
258 258
259 259
259 259
259 1293
259 259
259 259
259 259
26 26
26 26
26 26
26 26
26 26
26 26
260 260
260 260
260 260
260 260
260 260
260 260
261 261
261 261
261 261
261 261
261 261
261 261
262 429
262 166
262 431
262 431
262 431
262 310
263 263
263 263
263 263
263 263
263 264
263 263
264 263
264 263
264 263
264 263
264 264
264 263
265 265
265 265
265 265
265 265
265 265
265 265
266 1199
266 1386
266 878
266 1252
266 1386
266 878
267 191
267 119
267 156
267 33
267 254
267 476
268 428
268 280
268 67
268 27
268 330
268 438
269 269
269 269
269 269
269 269
269 269
269 269
27 217
27 27
27 428
27 33
27 40
27 119
270 270
270 270
270 270
270 270
270 270
270 270
271 271
271 271
271 271
271 271
271 271
271 271
272 272
272 272
272 272
272 272
272 272
272 272
273 273
273 273
273 273
273 273
273 273
273 273
274 274
274 274
274 274
274 274
274 274
274 274
275 275
275 275
275 275
275 275
275 275
275 275
276 276
276 276
276 276
276 276
276 276
276 276
277 277
277 277
277 277
277 277
277 277
277 277
278 278
278 278
278 278
278 278
278 278
278 278
279 279
279 279
279 279
279 279
279 279
279 279
28 268
28 191
28 67
28 209
28 330
28 180
280 268
280 67
280 209
280 476
280 191
280 136
281 281
281 281
281 281
281 281
281 281
281 281
282 282
282 282
282 282
282 282
282 282
282 282
283 327
283 498
283 127
283 7
283 498
283 327
284 284
284 284
284 284
284 284
284 284
284 443
285 285
285 285
285 285
285 285
285 285
285 285
286 286
286 286
286 286
286 286
286 286
286 286
287 287
287 287
287 287
287 287
287 287
287 287
288 288
288 514
288 288
288 288
288 288
288 288
289 289
289 289
289 289
289 289
289 289
289 289
29 29
29 29
29 29
29 29
29 29
29 29
290 290
290 290
290 290
290 290
290 290
290 290
291 291
291 291
291 291
291 291
291 291
291 291
292 292
292 292
292 292
292 292
292 292
292 292
293 293
293 293
293 293
293 293
293 293
293 293
294 294
294 294
294 294
294 294
294 294
294 294
295 295
295 295
295 1380
295 295
295 295
295 295
296 296
296 296
296 296
296 296
296 296
296 296
297 297
297 297
297 297
297 297
297 229
297 297
298 298
298 298
298 298
298 298
298 298
298 298
299 299
299 299
299 299
299 299
299 299
299 299
3 3
3 3
3 3
3 3
3 3
3 3
30 586
30 30
30 30
30 30
30 30
30 30
300 300
300 300
300 300
300 300
300 300
300 641
301 301
301 301
301 301
301 301
301 301
301 301
302 142
302 175
302 175
302 302
302 208
302 302
303 303
303 303
303 303
303 303
303 303
303 303
304 304
304 304
304 304
304 304
304 304
304 304
305 305
305 305
305 471
305 471
305 305
305 305
306 306
306 306
306 306
306 306
306 306
306 306
307 307
307 307
307 307
307 307
307 307
307 307
308 308
308 308
308 308
308 308
308 308
308 308
309 309
309 309
309 309
309 309
309 309
309 309
31 31
31 31
31 31
31 1471
31 31
31 31
310 431
310 431
310 310
310 310
310 429
310 429
311 311
311 311
311 311
311 311
311 311
311 311
312 312
312 312
312 312
312 312
312 312
312 312
313 313
313 313
313 313
313 313
313 313
313 313
314 314
314 878
314 314
314 314
314 314
314 278
315 315
315 315
315 315
315 315
315 315
315 315
316 316
316 316
316 316
316 316
316 316
316 316
317 317
317 317
317 317
317 317
317 317
317 317
318 318
318 318
318 318
318 318
318 318
318 318
319 319
319 319
319 319
319 319
319 319
319 319
32 32
32 32
32 32
32 32
32 32
32 32
320 320
320 320
320 320
320 320
320 320
320 320
321 321
321 321
321 321
321 321
321 321
321 321
322 322
322 322
322 322
322 322
322 322
322 322
323 323
323 323
323 323
323 323
323 323
323 1164
324 324
324 324
324 324
324 324
324 324
324 324
325 325
325 325
325 325
325 325
325 325
325 325
326 326
326 326
326 326
326 326
326 326
326 326
327 87
327 139
327 127
327 498
327 283
327 7
328 328
328 328
328 328
328 328
328 328
328 328
329 329
329 329
329 329
329 329
329 329
329 329
33 33
33 23
33 180
33 141
33 268
33 280
330 267
330 302
330 33
330 156
330 136
330 136
331 331
331 331
331 331
331 331
331 331
331 331
332 332
332 332
332 332
332 332
332 332
332 332
333 419
333 419
333 333
333 419
333 419
333 419
334 334
334 334
334 334
334 334
334 334
334 334
335 335
335 335
335 335
335 335
335 335
335 335
336 336
336 336
336 336
336 336
336 336
336 336
337 337
337 337
337 337
337 337
337 337
337 337
338 338
338 338
338 338
338 338
338 338
338 338
339 235
339 339
339 339
339 339
339 339
339 339
34 34
34 34
34 34
34 34
34 34
34 34
340 340
340 340
340 340
340 340
340 340
340 340
341 341
341 341
341 341
341 341
341 341
341 341
342 967
342 342
342 342
342 342
342 342
342 342
343 343
343 343
343 343
343 343
343 1159
343 343
344 344
344 344
344 344
344 344
344 344
344 344
345 345
345 345
345 345
345 345
345 345
345 345
346 346
346 346
346 346
346 346
346 346
346 346
347 347
347 347
347 347
347 347
347 347
347 347
348 348
348 348
348 348
348 348
348 348
348 348
349 349
349 349
349 543
349 349
349 349
349 349
35 90
35 39
35 65
35 80
35 39
35 80
350 350
350 350
350 967
350 757
350 350
350 350
351 351
351 351
351 351
351 351
351 351
351 351
352 352
352 352
352 352
352 352
352 352
352 352
353 353
353 353
353 353
353 353
353 353
353 353
354 354
354 354
354 354
354 354
354 354
354 354
355 355
355 355
355 355
355 355
355 355
355 355
356 356
356 356
356 356
356 356
356 356
356 356
357 357
357 357
357 357
357 357
357 357
357 357
358 358
358 358
358 358
358 358
358 553
358 358
359 359
359 359
359 359
359 359
359 359
359 359
36 67
36 428
36 27
36 330
36 33
36 180
360 360
360 360
360 360
360 360
360 360
360 360
361 361
361 361
361 361
361 361
361 361
361 361
362 362
362 362
362 362
362 362
362 362
362 362
363 363
363 363
363 363
363 363
363 363
363 363
364 364
364 364
364 364
364 364
364 364
364 364
365 365
365 365
365 365
365 365
365 365
365 365
366 366
366 366
366 366
366 366
366 366
366 366
367 367
367 367
367 1023
367 367
367 367
367 367
368 368
368 368
368 744
368 368
368 368
368 368
369 369
369 369
369 369
369 369
369 369
369 369
37 37
37 37
37 37
37 37
37 37
37 37
370 370
370 370
370 370
370 370
370 807
370 370
371 371
371 371
371 371
371 371
371 371
371 371
372 372
372 372
372 372
372 372
372 372
372 372
373 373
373 373
373 373
373 373
373 373
373 373
374 374
374 374
374 374
374 374
374 374
374 374
375 375
375 375
375 375
375 375
375 375
375 375
376 376
376 376
376 376
376 376
376 376
376 376
377 377
377 377
377 377
377 377
377 377
377 377
378 494
378 155
378 65
378 173
378 173
378 378
379 379
379 379
379 379
379 379
379 379
379 322
38 38
38 38
38 38
38 38
38 38
38 38
380 380
380 380
380 380
380 380
380 380
380 380
381 381
381 381
381 381
381 381
381 381
381 381
382 382
382 382
382 382
382 382
382 382
382 382
383 383
383 383
383 383
383 383
383 383
383 383
384 384
384 384
384 384
384 384
384 384
384 384
385 385
385 385
385 385
385 385
385 385
385 385
386 386
386 386
386 386
386 386
386 386
386 386
387 387
387 387
387 387
387 387
387 387
387 387
388 388
388 388
388 388
388 388
388 388
388 388
389 389
389 389
389 389
389 389
389 389
389 389
39 137
39 56
39 1492
39 154
39 24
39 150
390 390
390 390
390 390
390 390
390 390
390 390
391 391
391 391
391 391
391 391
391 391
391 391
392 392
392 392
392 392
392 392
392 392
392 392
393 393
393 393
393 393
393 393
393 393
393 393
394 394
394 394
394 394
394 394
394 394
394 394
395 395
395 395
395 395
395 395
395 395
395 395
396 396
396 396
396 1103
396 396
396 396
396 396
397 397
397 397
397 397
397 397
397 397
397 397
398 398
398 398
398 398
398 398
398 398
398 398
399 399
399 399
399 399
399 399
399 399
399 399
4 4
4 604
4 604
4 4
4 4
4 4
40 209
40 180
40 268
40 36
40 438
40 208
400 400
400 400
400 400
400 400
400 400
400 400
401 401
401 401
401 401
401 401
401 401
401 401
402 402
402 402
402 402
402 402
402 402
402 402
403 403
403 403
403 403
403 403
403 403
403 403
404 404
404 404
404 404
404 404
404 404
404 404
405 405
405 405
405 405
405 405
405 435
405 134
406 406
406 406
406 406
406 406
406 406
406 406
407 407
407 407
407 407
407 407
407 407
407 407
408 408
408 408
408 408
408 408
408 408
408 408
409 409
409 314
409 409
409 409
409 409
409 409
41 41
41 41
41 414
41 41
41 41
41 41
410 410
410 410
410 410
410 410
410 410
410 410
411 411
411 411
411 411
411 411
411 411
411 411
412 412
412 412
412 412
412 412
412 412
412 412
413 413
413 413
413 413
413 413
413 413
413 413
414 393
414 414
414 414
414 414
414 414
414 414
415 415
415 415
415 415
415 415
415 415
415 415
416 416
416 416
416 416
416 416
416 416
416 416
417 417
417 417
417 417
417 417
417 417
417 417
418 418
418 418
418 418
418 418
418 418
418 418
419 333
419 333
419 419
419 419
419 333
419 419
42 42
42 42
42 42
42 42
42 42
42 42
420 420
420 420
420 420
420 420
420 420
420 420
421 478
421 421
421 421
421 421
421 194
421 421
422 422
422 422
422 422
422 364
422 422
422 422
423 423
423 423
423 423
423 423
423 423
423 423
424 424
424 326
424 424
424 55
424 424
424 424
425 1362
425 425
425 425
425 425
425 425
425 425
426 426
426 426
426 426
426 426
426 426
426 426
427 427
427 427
427 427
427 427
427 427
427 427
428 267
428 191
428 156
428 191
428 67
428 438
429 310
429 166
429 310
429 431
429 262
429 431
43 43
43 474
43 43
43 43
43 43
43 43
430 430
430 430
430 430
430 430
430 430
430 430
431 166
431 166
431 429
431 166
431 429
431 310
432 1471
432 432
432 432
432 432
432 432
432 432
433 433
433 433
433 1058
433 433
433 433
433 433
434 434
434 434
434 434
434 434
434 434
434 434
435 435
435 435
435 435
435 435
435 435
435 435
436 436
436 436
436 436
436 436
436 436
436 436
437 437
437 437
437 437
437 437
437 437
437 437
438 23
438 175
438 175
438 142
438 476
438 280
439 439
439 439
439 439
439 439
439 439
439 439
44 44
44 44
44 44
44 44
44 44
44 44
440 440
440 440
440 440
440 440
440 440
440 440
441 441
441 441
441 441
441 441
441 441
441 441
442 442
442 442
442 442
442 442
442 442
442 442
443 1380
443 1380
443 1380
443 443
443 443
443 1211
444 444
444 444
444 444
444 444
444 444
444 1313
445 445
445 445
445 445
445 445
445 445
445 445
446 446
446 446
446 446
446 446
446 446
446 446
447 447
447 447
447 447
447 447
447 447
447 447
448 448
448 448
448 448
448 448
448 448
448 448
449 449
449 449
449 449
449 449
449 449
449 449
45 45
45 45
45 45
45 1124
45 45
45 45
450 450
450 450
450 450
450 450
450 450
450 450
451 451
451 451
451 451
451 451
451 451
451 451
452 452
452 452
452 452
452 452
452 452
452 452
453 453
453 453
453 453
453 453
453 453
453 453
454 454
454 454
454 454
454 253
454 454
454 454
455 455
455 455
455 455
455 455
455 455
455 455
456 456
456 456
456 456
456 456
456 456
456 456
457 457
457 457
457 457
457 457
457 457
457 457
458 458
458 458
458 458
458 458
458 458
458 458
459 459
459 459
459 459
459 459
459 459
459 459
46 46
46 46
46 46
46 46
46 46
46 46
460 460
460 460
460 460
460 460
460 460
460 460
461 461
461 461
461 461
461 461
461 461
461 461
462 462
462 462
462 462
462 462
462 462
462 462
463 463
463 463
463 463
463 463
463 463
463 463
464 464
464 464
464 464
464 464
464 464
464 464
465 465
465 465
465 465
465 465
465 465
465 465
466 466
466 466
466 466
466 466
466 466
466 466
467 467
467 467
467 467
467 467
467 467
467 467
468 468
468 468
468 468
468 468
468 468
468 468
469 469
469 469
469 469
469 469
469 469
469 469
47 47
47 47
47 47
47 47
47 47
47 47
470 631
470 889
470 470
470 470
470 324
470 470
471 471
471 471
471 471
471 471
471 471
471 471
472 472
472 472
472 472
472 472
472 472
472 472
473 473
473 473
473 473
473 473
473 473
473 473
474 474
474 474
474 474
474 474
474 474
474 474
475 475
475 475
475 475
475 475
475 475
475 475
476 156
476 36
476 40
476 156
476 212
476 40
477 477
477 477
477 477
477 477
477 477
477 477
478 478
478 478
478 194
478 478
478 478
478 478
479 479
479 479
479 479
479 479
479 479
479 479
48 48
48 48
48 48
48 48
48 48
48 48
480 480
480 480
480 480
480 480
480 480
480 480
481 481
481 481
481 481
481 481
481 481
481 481
482 482
482 482
482 482
482 482
482 482
482 482
483 483
483 483
483 483
483 483
483 483
483 483
484 484
484 484
484 484
484 484
484 484
484 188
485 485
485 485
485 485
485 485
485 485
485 485
486 486
486 486
486 486
486 486
486 486
486 486
487 487
487 487
487 487
487 487
487 487
487 487
488 488
488 488
488 488
488 488
488 488
488 488
489 489
489 489
489 489
489 489
489 489
489 489
49 49
49 49
49 49
49 49
49 49
49 49
490 490
490 490
490 490
490 490
490 188
490 490
491 491
491 491
491 491
491 491
491 491
491 491
492 492
492 492
492 492
492 492
492 492
492 492
493 493
493 493
493 493
493 493
493 493
493 493
494 494
494 494
494 494
494 494
494 494
494 494
495 495
495 495
495 495
495 495
495 495
495 495
496 496
496 496
496 496
496 496
496 496
496 496
497 497
497 497
497 497
497 497
497 497
497 497
498 139
498 71
498 16
498 139
498 7
498 123
499 499
499 499
499 499
499 499
499 499
499 499
5 5
5 5
5 5
5 5
5 5
5 5
50 50
50 962
50 791
50 50
50 50
50 50
500 500
500 500
500 500
500 500
500 500
500 500
501 501
501 501
501 501
501 501
501 501
501 501
502 502
502 502
502 502
502 502
502 502
502 502
503 503
503 503
503 503
503 503
503 503
503 503
504 504
504 504
504 504
504 504
504 504
504 504
505 505
505 505
505 505
505 505
505 505
505 505
506 506
506 506
506 506
506 506
506 506
506 506
507 507
507 507
507 507
507 507
507 507
507 507
508 508
508 508
508 508
508 508
508 508
508 768
509 749
509 509
509 509
509 509
509 509
509 509
51 51
51 51
51 51
51 51
51 51
51 51
510 510
510 510
510 510
510 510
510 510
510 510
511 511
511 511
511 511
511 511
511 511
511 511
512 512
512 512
512 512
512 512
512 512
512 512
513 513
513 513
513 513
513 513
513 513
513 513
514 514
514 514
514 514
514 514
514 514
514 514
515 1048
515 515
515 515
515 515
515 515
515 515
516 516
516 516
516 516
516 516
516 516
516 516
517 517
517 517
517 517
517 517
517 517
517 266
518 518
518 518
518 518
518 518
518 518
518 518
519 743
519 519
519 519
519 519
519 519
519 519
52 52
52 52
52 52
52 52
52 52
52 52
520 520
520 520
520 520
520 520
520 1043
520 520
521 521
521 521
521 521
521 521
521 521
521 521
522 793
522 522
522 522
522 522
522 522
522 522
523 523
523 523
523 523
523 523
523 523
523 523
524 524
524 524
524 524
524 524
524 524
524 524
525 525
525 525
525 525
525 525
525 525
525 525
526 526
526 526
526 526
526 526
526 526
526 526
527 527
527 527
527 527
527 527
527 527
527 527
528 528
528 528
528 528
528 528
528 528
528 528
529 529
529 529
529 529
529 529
529 529
529 529
53 1088
53 53
53 53
53 53
53 53
53 53
530 530
530 530
530 530
530 530
530 530
530 530
531 531
531 531
531 531
531 531
531 531
531 531
532 532
532 532
532 532
532 532
532 532
532 532
533 533
533 533
533 533
533 533
533 533
533 533
534 534
534 534
534 534
534 534
534 534
534 534
535 535
535 535
535 535
535 535
535 535
535 535
536 536
536 536
536 536
536 536
536 536
536 536
537 537
537 537
537 537
537 537
537 537
537 537
538 538
538 538
538 538
538 538
538 538
538 538
539 539
539 539
539 1445
539 539
539 539
539 539
54 371
54 54
54 54
54 54
54 54
54 54
540 540
540 741
540 540
540 540
540 540
540 540
541 640
541 541
541 541
541 541
541 541
541 541
542 542
542 542
542 542
542 542
542 542
542 542
543 543
543 543
543 543
543 543
543 543
543 543
544 544
544 544
544 544
544 544
544 544
544 544
545 545
545 545
545 1365
545 1365
545 545
545 1365
546 546
546 546
546 546
546 546
546 546
546 546
547 547
547 547
547 547
547 547
547 547
547 547
548 548
548 548
548 548
548 548
548 548
548 548
549 549
549 549
549 549
549 549
549 549
549 549
55 55
55 55
55 55
55 55
55 1065
55 55
550 550
550 550
550 550
550 550
550 550
550 550
551 551
551 551
551 551
551 551
551 551
551 551
552 552
552 552
552 552
552 552
552 552
552 552
553 1049
553 553
553 553
553 553
553 553
553 553
554 554
554 554
554 554
554 554
554 554
554 554
555 555
555 555
555 555
555 976
555 976
555 555
556 556
556 556
556 1087
556 556
556 556
556 556
557 557
557 557
557 557
557 557
557 557
557 557
558 558
558 558
558 558
558 558
558 558
558 558
559 559
559 559
559 559
559 559
559 559
559 559
56 24
56 155
56 120
56 65
56 65
56 90
560 560
560 560
560 560
560 560
560 560
560 560
561 561
561 561
561 561
561 561
561 561
561 561
562 562
562 562
562 562
562 562
562 562
562 562
563 563
563 563
563 563
563 563
563 563
563 563
564 564
564 564
564 564
564 564
564 564
564 564
565 1438
565 565
565 565
565 1438
565 565
565 565
566 566
566 566
566 566
566 566
566 566
566 566
567 567
567 567
567 567
567 567
567 567
567 567
568 568
568 568
568 568
568 568
568 568
568 568
569 569
569 569
569 569
569 569
569 569
569 569
57 57
57 57
57 57
57 57
57 57
57 57
570 570
570 570
570 570
570 570
570 570
570 570
571 571
571 571
571 571
571 571
571 571
571 571
572 572
572 572
572 572
572 572
572 572
572 572
573 573
573 573
573 573
573 573
573 573
573 573
574 574
574 574
574 574
574 574
574 574
574 574
575 575
575 575
575 1341
575 575
575 575
575 575
576 186
576 576
576 576
576 576
576 576
576 576
577 577
577 577
577 577
577 577
577 577
577 577
578 578
578 578
578 578
578 1431
578 578
578 578
579 579
579 579
579 579
579 579
579 579
579 579
58 58
58 58
58 58
58 58
58 58
58 58
580 580
580 580
580 580
580 580
580 580
580 580
581 581
581 581
581 581
581 581
581 581
581 581
582 582
582 582
582 582
582 582
582 582
582 582
583 583
583 583
583 583
583 583
583 583
583 111
584 584
584 584
584 584
584 584
584 584
584 584
585 585
585 585
585 585
585 585
585 585
585 585
586 586
586 586
586 586
586 586
586 586
586 586
587 587
587 587
587 587
587 587
587 587
587 587
588 999
588 999
588 588
588 588
588 853
588 999
589 540
589 589
589 589
589 589
589 589
589 589
59 59
59 59
59 59
59 59
59 59
59 59
590 590
590 590
590 590
590 590
590 590
590 590
591 591
591 591
591 591
591 591
591 591
591 591
592 592
592 592
592 592
592 592
592 592
592 592
593 593
593 593
593 593
593 593
593 593
593 593
594 594
594 594
594 594
594 594
594 594
594 594
595 595
595 595
595 595
595 595
595 595
595 595
596 721
596 978
596 596
596 721
596 596
596 721
597 597
597 597
597 597
597 597
597 597
597 597
598 598
598 598
598 598
598 1044
598 598
598 598
599 599
599 599
599 599
599 599
599 599
599 599
6 6
6 6
6 6
6 6
6 6
6 6
60 60
60 60
60 1388
60 60
60 60
60 60
600 600
600 600
600 600
600 600
600 600
600 600
601 601
601 601
601 601
601 601
601 601
601 601
602 602
602 602
602 602
602 602
602 602
602 602
603 603
603 902
603 902
603 902
603 902
603 603
604 669
604 669
604 604
604 669
604 669
604 604
605 605
605 605
605 605
605 605
605 605
605 605
606 606
606 606
606 606
606 606
606 606
606 606
607 607
607 607
607 1183
607 607
607 607
607 607
608 608
608 1049
608 608
608 608
608 608
608 608
609 1393
609 609
609 609
609 609
609 609
609 609
61 39
61 150
61 521
61 1371
61 120
61 173
610 610
610 610
610 610
610 610
610 610
610 610
611 611
611 611
611 611
611 611
611 611
611 611
612 612
612 612
612 612
612 612
612 612
612 612
613 613
613 613
613 613
613 613
613 613
613 613
614 614
614 614
614 614
614 614
614 614
614 614
615 615
615 615
615 615
615 615
615 615
615 615
616 616
616 616
616 616
616 616
616 616
616 616
617 617
617 617
617 617
617 617
617 617
617 617
618 618
618 618
618 618
618 618
618 618
618 618
619 619
619 619
619 619
619 619
619 619
619 623
62 62
62 62
62 62
62 62
62 62
62 62
620 620
620 620
620 620
620 620
620 620
620 620
621 621
621 621
621 621
621 621
621 621
621 621
622 622
622 622
622 622
622 622
622 622
622 622
623 623
623 623
623 623
623 623
623 623
623 623
624 624
624 624
624 624
624 624
624 624
624 624
625 625
625 625
625 851
625 625
625 625
625 625
626 626
626 626
626 626
626 626
626 626
626 626
627 627
627 627
627 627
627 627
627 627
627 627
628 628
628 628
628 628
628 628
628 628
628 628
629 629
629 629
629 629
629 629
629 629
629 629
63 63
63 63
63 63
63 63
63 63
63 63
630 630
630 630
630 630
630 630
630 630
630 630
631 889
631 631
631 889
631 631
631 631
631 631
632 632
632 632
632 632
632 632
632 632
632 632
633 633
633 633
633 633
633 633
633 633
633 633
634 634
634 634
634 634
634 634
634 634
634 634
635 635
635 635
635 635
635 635
635 635
635 635
636 636
636 636
636 636
636 636
636 636
636 636
637 637
637 637
637 637
637 637
637 637
637 637
638 638
638 638
638 638
638 638
638 638
638 638
639 639
639 639
639 639
639 639
639 639
639 639
64 64
64 64
64 64
64 64
64 64
64 64
640 640
640 640
640 640
640 640
640 640
640 640
641 641
641 300
641 641
641 641
641 641
641 300
642 642
642 642
642 642
642 642
642 642
642 642
643 643
643 643
643 643
643 643
643 643
643 643
644 644
644 644
644 644
644 644
644 644
644 644
645 645
645 645
645 645
645 645
645 645
645 645
646 646
646 646
646 646
646 646
646 646
646 646
647 647
647 647
647 689
647 647
647 647
647 647
648 648
648 648
648 648
648 648
648 648
648 648
649 649
649 649
649 649
649 649
649 649
649 649
65 56
65 24
65 56
65 35
65 183
65 61
650 650
650 650
650 650
650 650
650 650
650 650
651 651
651 651
651 651
651 651
651 651
651 651
652 652
652 652
652 652
652 652
652 652
652 652
653 653
653 653
653 653
653 653
653 653
653 653
654 654
654 654
654 654
654 654
654 654
654 654
655 655
655 655
655 655
655 655
655 655
655 655
656 656
656 656
656 656
656 656
656 656
656 656
657 657
657 657
657 657
657 657
657 657
657 657
658 658
658 658
658 658
658 658
658 658
658 658
659 659
659 659
659 659
659 659
659 659
659 659
66 66
66 66
66 66
66 66
66 66
66 66
660 967
660 660
660 660
660 660
660 660
660 719
661 661
661 661
661 661
661 661
661 661
661 661
662 662
662 662
662 662
662 662
662 662
662 662
663 663
663 663
663 663
663 663
663 663
663 663
664 664
664 664
664 664
664 664
664 664
664 664
665 665
665 665
665 665
665 665
665 665
665 665
666 666
666 666
666 666
666 666
666 666
666 666
667 667
667 667
667 667
667 667
667 667
667 667
668 668
668 668
668 668
668 668
668 668
668 668
669 669
669 669
669 604
669 669
669 604
669 669
67 119
67 33
67 175
67 217
67 330
67 23
670 670
670 670
670 670
670 670
670 670
670 670
671 671
671 671
671 671
671 671
671 671
671 671
672 672
672 672
672 672
672 672
672 672
672 672
673 673
673 673
673 673
673 673
673 673
673 673
674 674
674 674
674 674
674 674
674 674
674 674
675 675
675 675
675 675
675 675
675 675
675 675
676 676
676 684
676 676
676 676
676 676
676 676
677 677
677 677
677 677
677 677
677 677
677 677
678 678
678 678
678 678
678 678
678 678
678 678
679 679
679 679
679 679
679 679
679 679
679 679
68 68
68 68
68 68
68 68
68 68
68 68
680 1183
680 680
680 680
680 680
680 680
680 1183
681 1150
681 681
681 681
681 1150
681 681
681 681
682 682
682 682
682 682
682 682
682 682
682 682
683 683
683 683
683 683
683 683
683 683
683 683
684 684
684 684
684 684
684 684
684 684
684 684
685 685
685 685
685 685
685 685
685 685
685 685
686 686
686 686
686 686
686 686
686 686
686 686
687 687
687 687
687 687
687 687
687 687
687 687
688 688
688 688
688 688
688 688
688 688
688 688
689 689
689 689
689 689
689 689
689 689
689 689
69 69
69 69
69 69
69 69
69 69
69 69
690 690
690 690
690 690
690 690
690 690
690 690
691 691
691 102
691 691
691 102
691 691
691 691
692 692
692 692
692 692
692 692
692 692
692 692
693 693
693 693
693 693
693 693
693 693
693 693
694 694
694 1241
694 694
694 694
694 694
694 1241
695 695
695 695
695 695
695 695
695 695
695 695
696 696
696 696
696 696
696 696
696 696
696 696
697 697
697 1432
697 697
697 1113
697 697
697 697
698 698
698 698
698 698
698 698
698 698
698 698
699 699
699 699
699 699
699 699
699 699
699 699
7 25
7 498
7 1384
7 22
7 25
7 498
70 70
70 70
70 70
70 414
70 70
70 70
700 700
700 700
700 700
700 700
700 700
700 700
701 701
701 701
701 701
701 701
701 79
701 701
702 702
702 702
702 702
702 702
702 702
702 702
703 703
703 703
703 703
703 703
703 703
703 703
704 704
704 704
704 704
704 704
704 704
704 704
705 705
705 705
705 705
705 705
705 705
705 705
706 706
706 706
706 706
706 706
706 706
706 706
707 707
707 1069
707 1069
707 707
707 1069
707 707
708 708
708 708
708 708
708 708
708 708
708 708
709 709
709 709
709 709
709 709
709 709
709 709
71 123
71 16
71 7
71 7
71 139
71 7
710 710
710 710
710 710
710 710
710 710
710 710
711 711
711 711
711 711
711 711
711 711
711 711
712 712
712 712
712 712
712 712
712 712
712 712
713 713
713 713
713 713
713 713
713 713
713 713
714 891
714 1073
714 714
714 1073
714 714
714 714
715 715
715 715
715 715
715 715
715 715
715 715
716 716
716 716
716 716
716 716
716 716
716 716
717 717
717 717
717 717
717 717
717 717
717 895
718 718
718 718
718 718
718 718
718 718
718 718
719 719
719 719
719 719
719 719
719 719
719 719
72 72
72 72
72 72
72 72
72 72
72 72
720 720
720 720
720 720
720 720
720 720
720 720
721 596
721 721
721 721
721 721
721 596
721 721
722 722
722 722
722 722
722 722
722 722
722 722
723 723
723 723
723 723
723 723
723 723
723 723
724 724
724 724
724 724
724 724
724 724
724 724
725 725
725 725
725 725
725 725
725 725
725 725
726 225
726 225
726 225
726 726
726 225
726 726
727 727
727 727
727 727
727 727
727 727
727 727
728 728
728 728
728 728
728 728
728 728
728 728
729 729
729 729
729 729
729 729
729 729
729 729
73 73
73 73
73 73
73 73
73 73
73 73
730 730
730 730
730 730
730 730
730 730
730 730
731 731
731 731
731 731
731 731
731 731
731 731
732 732
732 732
732 732
732 732
732 732
732 732
733 733
733 733
733 733
733 733
733 733
733 733
734 734
734 734
734 734
734 734
734 734
734 734
735 735
735 735
735 735
735 735
735 735
735 735
736 736
736 736
736 736
736 736
736 736
736 736
737 737
737 737
737 737
737 737
737 737
737 737
738 738
738 738
738 738
738 738
738 738
738 738
739 739
739 739
739 739
739 739
739 739
739 739
74 74
74 74
74 74
74 74
74 74
74 74
740 740
740 740
740 740
740 740
740 740
740 740
741 540
741 741
741 741
741 741
741 741
741 1095
742 742
742 742
742 742
742 742
742 742
742 742
743 743
743 743
743 743
743 743
743 743
743 743
744 744
744 744
744 744
744 744
744 744
744 744
745 745
745 745
745 745
745 745
745 745
745 745
746 746
746 746
746 746
746 746
746 746
746 746
747 747
747 747
747 747
747 747
747 747
747 747
748 748
748 748
748 748
748 748
748 748
748 748
749 749
749 749
749 749
749 749
749 749
749 749
75 75
75 75
75 75
75 75
75 75
75 75
750 750
750 750
750 750
750 750
750 750
750 750
751 751
751 751
751 751
751 751
751 751
751 751
752 752
752 752
752 1034
752 1034
752 752
752 1034
753 753
753 753
753 753
753 753
753 753
753 753
754 754
754 754
754 754
754 754
754 754
754 754
755 755
755 755
755 755
755 755
755 755
755 755
756 756
756 756
756 756
756 756
756 756
756 756
757 757
757 757
757 757
757 757
757 757
757 757
758 758
758 758
758 758
758 655
758 759
758 758
759 420
759 1115
759 902
759 1115
759 603
759 810
76 76
76 76
76 76
76 76
76 76
76 76
760 218
760 760
760 760
760 760
760 760
760 760
761 761
761 761
761 761
761 761
761 761
761 761
762 762
762 762
762 762
762 762
762 762
762 762
763 763
763 763
763 763
763 763
763 763
763 763
764 764
764 764
764 1005
764 764
764 764
764 764
765 765
765 765
765 765
765 765
765 765
765 765
766 766
766 766
766 526
766 766
766 766
766 766
767 767
767 767
767 767
767 767
767 767
767 767
768 768
768 768
768 768
768 768
768 768
768 768
769 769
769 769
769 769
769 769
769 769
769 769
77 77
77 77
77 77
77 77
77 77
77 77
770 770
770 770
770 770
770 770
770 770
770 770
771 771
771 771
771 771
771 771
771 771
771 771
772 772
772 772
772 772
772 772
772 772
772 772
773 773
773 773
773 773
773 773
773 773
773 773
774 774
774 774
774 774
774 774
774 774
774 774
775 775
775 775
775 775
775 775
775 775
775 775
776 776
776 776
776 776
776 776
776 776
776 776
777 777
777 777
777 777
777 777
777 777
777 777
778 778
778 1049
778 553
778 1049
778 1132
778 553
779 779
779 779
779 779
779 779
779 779
779 779
78 78
78 1037
78 78
78 78
78 78
78 78
780 780
780 780
780 780
780 780
780 780
780 780
781 781
781 781
781 781
781 781
781 781
781 781
782 782
782 782
782 782
782 782
782 782
782 782
783 783
783 783
783 783
783 783
783 783
783 783
784 784
784 784
784 784
784 784
784 784
784 784
785 785
785 785
785 785
785 785
785 785
785 785
786 786
786 786
786 786
786 786
786 786
786 786
787 787
787 787
787 787
787 787
787 787
787 787
788 784
788 788
788 788
788 852
788 788
788 788
789 789
789 789
789 789
789 789
789 789
789 789
79 79
79 79
79 79
79 79
79 79
79 701
790 790
790 790
790 790
790 790
790 790
790 790
791 1464
791 791
791 791
791 1464
791 791
791 791
792 792
792 792
792 792
792 792
792 792
792 792
793 793
793 793
793 793
793 793
793 793
793 793
794 794
794 794
794 794
794 794
794 794
794 794
795 795
795 795
795 795
795 795
795 795
795 795
796 980
796 796
796 796
796 796
796 796
796 796
797 797
797 797
797 797
797 797
797 797
797 797
798 791
798 1464
798 1464
798 798
798 1464
798 791
799 799
799 799
799 799
799 799
799 799
799 799
8 8
8 8
8 8
8 8
8 8
8 8
80 85
80 85
80 1001
80 173
80 56
80 56
800 800
800 800
800 800
800 800
800 800
800 800
801 1232
801 801
801 801
801 801
801 801
801 801
802 802
802 802
802 802
802 802
802 802
802 802
803 803
803 803
803 803
803 803
803 803
803 803
804 804
804 804
804 804
804 804
804 804
804 804
805 805
805 805
805 805
805 805
805 805
805 805
806 806
806 806
806 806
806 806
806 806
806 806
807 807
807 807
807 807
807 807
807 807
807 807
808 808
808 808
808 808
808 808
808 808
808 808
809 809
809 809
809 809
809 809
809 809
809 809
81 81
81 81
81 81
81 81
81 81
81 81
810 810
810 810
810 810
810 1115
810 1115
810 759
811 811
811 811
811 811
811 811
811 811
811 811
812 921
812 812
812 812
812 812
812 812
812 812
813 813
813 813
813 813
813 813
813 813
813 813
814 814
814 814
814 814
814 814
814 814
814 814
815 815
815 815
815 815
815 815
815 815
815 815
816 816
816 816
816 816
816 816
816 816
816 816
817 817
817 817
817 817
817 817
817 817
817 817
818 818
818 818
818 818
818 818
818 818
818 818
819 819
819 819
819 819
819 819
819 819
819 819
82 82
82 82
82 82
82 82
82 82
82 82
820 820
820 820
820 820
820 820
820 820
820 820
821 821
821 821
821 821
821 821
821 821
821 821
822 1183
822 1128
822 1128
822 1128
822 207
822 1183
823 823
823 823
823 823
823 823
823 823
823 823
824 1236
824 824
824 824
824 1234
824 824
824 824
825 825
825 825
825 825
825 825
825 825
825 825
826 1000
826 826
826 826
826 826
826 826
826 1277
827 827
827 827
827 320
827 827
827 827
827 827
828 828
828 828
828 828
828 828
828 828
828 828
829 829
829 829
829 829
829 829
829 829
829 829
83 83
83 83
83 83
83 83
83 83
83 83
830 830
830 830
830 830
830 830
830 830
830 830
831 831
831 831
831 831
831 831
831 831
831 831
832 832
832 832
832 832
832 832
832 832
832 832
833 833
833 833
833 833
833 833
833 830
833 833
834 834
834 834
834 834
834 834
834 834
834 834
835 835
835 835
835 835
835 835
835 835
835 835
836 836
836 836
836 836
836 836
836 836
836 836
837 837
837 837
837 837
837 837
837 837
837 837
838 838
838 838
838 838
838 838
838 838
838 838
839 839
839 839
839 839
839 839
839 839
839 839
84 84
84 84
84 84
84 84
84 84
84 84
840 840
840 840
840 840
840 840
840 555
840 840
841 841
841 841
841 841
841 841
841 841
841 841
842 842
842 842
842 842
842 842
842 842
842 842
843 1497
843 1410
843 843
843 843
843 1371
843 843
844 844
844 844
844 844
844 844
844 844
844 844
845 845
845 845
845 845
845 845
845 845
845 845
846 846
846 846
846 846
846 846
846 846
846 846
847 847
847 847
847 847
847 847
847 847
847 847
848 848
848 848
848 848
848 848
848 848
848 848
849 849
849 849
849 849
849 849
849 849
849 849
85 105
85 39
85 604
85 150
85 378
85 155
850 850
850 850
850 1143
850 850
850 850
850 850
851 851
851 851
851 851
851 851
851 851
851 851
852 852
852 852
852 852
852 852
852 852
852 852
853 588
853 853
853 898
853 636
853 588
853 588
854 415
854 854
854 854
854 854
854 854
854 854
855 855
855 855
855 855
855 855
855 855
855 855
856 856
856 856
856 856
856 856
856 856
856 856
857 857
857 857
857 857
857 857
857 857
857 857
858 858
858 858
858 858
858 858
858 858
858 858
859 859
859 859
859 859
859 859
859 859
859 859
86 86
86 86
86 86
86 86
86 86
86 86
860 860
860 860
860 860
860 860
860 860
860 860
861 861
861 861
861 861
861 861
861 861
861 861
862 862
862 862
862 862
862 862
862 862
862 862
863 863
863 863
863 863
863 863
863 863
863 863
864 864
864 864
864 864
864 864
864 864
864 102
865 865
865 865
865 865
865 865
865 865
865 865
866 866
866 866
866 866
866 866
866 866
866 866
867 867
867 867
867 867
867 827
867 867
867 867
868 868
868 868
868 868
868 868
868 868
868 868
869 869
869 869
869 869
869 869
869 869
869 869
87 25
87 71
87 283
87 127
87 123
87 139
870 870
870 870
870 870
870 870
870 870
870 870
871 871
871 871
871 871
871 871
871 871
871 871
872 872
872 872
872 872
872 872
872 872
872 872
873 873
873 873
873 873
873 873
873 873
873 873
874 874
874 874
874 874
874 874
874 874
874 874
875 875
875 875
875 875
875 875
875 875
875 875
876 876
876 876
876 876
876 876
876 876
876 876
877 877
877 877
877 877
877 877
877 877
877 877
878 266
878 878
878 266
878 878
878 1199
878 1199
879 879
879 879
879 879
879 879
879 879
879 879
88 958
88 88
88 88
88 88
88 88
88 88
880 1067
880 880
880 880
880 973
880 880
880 973
881 881
881 881
881 881
881 881
881 881
881 881
882 882
882 882
882 882
882 882
882 882
882 882
883 883
883 883
883 883
883 883
883 883
883 883
884 884
884 884
884 884
884 884
884 884
884 884
885 885
885 885
885 885
885 885
885 885
885 885
886 886
886 886
886 886
886 886
886 886
886 886
887 887
887 887
887 887
887 887
887 887
887 887
888 888
888 888
888 888
888 888
888 888
888 807
889 470
889 631
889 631
889 889
889 470
889 470
89 89
89 89
89 89
89 89
89 89
89 89
890 890
890 890
890 890
890 890
890 890
890 890
891 891
891 891
891 891
891 891
891 891
891 891
892 892
892 892
892 892
892 892
892 892
892 892
893 893
893 893
893 893
893 893
893 893
893 893
894 894
894 894
894 894
894 894
894 894
894 894
895 895
895 895
895 895
895 895
895 895
895 895
896 896
896 896
896 896
896 896
896 896
896 896
897 897
897 897
897 897
897 897
897 897
897 897
898 588
898 898
898 588
898 853
898 853
898 853
899 899
899 899
899 899
899 899
899 899
899 899
9 9
9 9
9 9
9 9
9 9
9 9
90 154
90 61
90 80
90 154
90 56
90 61
900 900
900 900
900 900
900 900
900 900
900 900
901 901
901 901
901 901
901 901
901 901
901 901
902 902
902 902
902 603
902 603
902 902
902 603
903 903
903 903
903 903
903 903
903 903
903 903
904 904
904 904
904 904
904 904
904 904
904 904
905 257
905 905
905 905
905 905
905 905
905 905
906 906
906 906
906 906
906 906
906 906
906 906
907 907
907 907
907 907
907 907
907 907
907 907
908 908
908 908
908 908
908 908
908 908
908 908
909 909
909 909
909 909
909 909
909 909
909 909
91 91
91 91
91 91
91 91
91 91
91 91
910 910
910 910
910 910
910 910
910 910
910 910
911 911
911 911
911 911
911 911
911 911
911 911
912 912
912 912
912 912
912 912
912 912
912 912
913 913
913 913
913 913
913 1395
913 913
913 913
914 914
914 914
914 914
914 914
914 914
914 914
915 915
915 915
915 915
915 915
915 915
915 915
916 916
916 916
916 916
916 916
916 916
916 916
917 917
917 917
917 917
917 917
917 917
917 1383
918 918
918 918
918 918
918 918
918 918
918 1395
919 919
919 919
919 1406
919 919
919 919
919 919
92 92
92 92
92 92
92 92
92 92
92 92
920 920
920 920
920 920
920 920
920 920
920 920
921 921
921 921
921 921
921 921
921 921
921 921
922 922
922 922
922 922
922 1428
922 922
922 922
923 923
923 923
923 923
923 923
923 923
923 923
924 924
924 518
924 924
924 924
924 924
924 924
925 925
925 925
925 925
925 925
925 925
925 925
926 926
926 926
926 926
926 926
926 926
926 926
927 927
927 927
927 927
927 927
927 927
927 927
928 928
928 928
928 928
928 928
928 928
928 928
929 929
929 929
929 929
929 929
929 929
929 929
93 93
93 93
93 93
93 93
93 93
93 1168
930 930
930 930
930 930
930 930
930 930
930 930
931 931
931 931
931 931
931 931
931 931
931 931
932 782
932 932
932 932
932 932
932 932
932 932
933 933
933 933
933 933
933 933
933 933
933 933
934 934
934 934
934 934
934 934
934 934
934 934
935 935
935 935
935 935
935 935
935 935
935 935
936 936
936 936
936 936
936 936
936 936
936 936
937 278
937 278
937 937
937 278
937 937
937 278
938 938
938 938
938 938
938 938
938 938
938 938
939 939
939 939
939 939
939 939
939 939
939 939
94 94
94 94
94 94
94 94
94 94
94 94
940 940
940 940
940 940
940 940
940 940
940 940
941 941
941 941
941 941
941 941
941 941
941 941
942 942
942 942
942 942
942 116
942 942
942 942
943 943
943 943
943 943
943 943
943 943
943 943
944 944
944 944
944 944
944 944
944 944
944 944
945 945
945 945
945 945
945 945
945 945
945 945
946 946
946 946
946 946
946 946
946 946
946 946
947 650
947 947
947 1350
947 947
947 947
947 947
948 948
948 948
948 948
948 948
948 948
948 948
949 949
949 949
949 949
949 949
949 949
949 949
95 95
95 95
95 611
95 95
95 95
95 95
950 950
950 950
950 950
950 950
950 950
950 950
951 951
951 951
951 951
951 951
951 951
951 951
952 952
952 952
952 952
952 952
952 952
952 1432
953 953
953 953
953 953
953 953
953 953
953 953
954 954
954 954
954 954
954 954
954 954
954 954
955 955
955 955
955 955
955 955
955 955
955 955
956 956
956 956
956 956
956 956
956 956
956 956
957 957
957 957
957 957
957 957
957 957
957 957
958 958
958 958
958 1324
958 958
958 958
958 958
959 959
959 959
959 959
959 959
959 959
959 959
96 96
96 96
96 96
96 96
96 96
96 96
960 960
960 960
960 470
960 960
960 960
960 960
961 961
961 961
961 961
961 961
961 961
961 961
962 962
962 962
962 889
962 962
962 962
962 962
963 963
963 963
963 963
963 963
963 963
963 963
964 964
964 964
964 964
964 964
964 964
964 964
965 965
965 965
965 965
965 965
965 965
965 965
966 966
966 966
966 966
966 966
966 966
966 966
967 967
967 470
967 967
967 967
967 967
967 967
968 968
968 984
968 968
968 984
968 968
968 984
969 969
969 969
969 969
969 969
969 969
969 969
97 97
97 97
97 97
97 97
97 97
97 97
970 970
970 970
970 970
970 970
970 970
970 970
971 971
971 971
971 971
971 971
971 971
971 971
972 972
972 972
972 972
972 972
972 972
972 972
973 880
973 973
973 880
973 973
973 880
973 880
974 974
974 974
974 974
974 974
974 974
974 974
975 975
975 975
975 975
975 975
975 975
975 975
976 976
976 976
976 820
976 976
976 976
976 820
977 977
977 977
977 977
977 977
977 977
977 977
978 978
978 1193
978 978
978 596
978 721
978 596
979 361
979 979
979 979
979 979
979 979
979 979
98 98
98 98
98 98
98 98
98 98
98 98
980 207
980 1128
980 1128
980 1128
980 1128
980 207
981 981
981 981
981 981
981 981
981 981
981 981
982 982
982 963
982 982
982 963
982 982
982 963
983 983
983 983
983 983
983 983
983 983
983 983
984 984
984 984
984 968
984 984
984 984
984 984
985 985
985 985
985 985
985 985
985 985
985 985
986 986
986 986
986 986
986 986
986 986
986 986
987 987
987 987
987 987
987 987
987 987
987 987
988 988
988 988
988 988
988 988
988 255
988 988
989 989
989 989
989 989
989 989
989 989
989 989
99 99
99 99
99 99
99 99
99 99
99 99
990 990
990 990
990 990
990 990
990 990
990 990
991 991
991 991
991 991
991 991
991 991
991 991
992 791
992 1160
992 1464
992 1464
992 1464
992 1160
993 993
993 993
993 993
993 993
993 993
993 993
994 994
994 994
994 994
994 994
994 994
994 994
995 995
995 995
995 995
995 995
995 995
995 995
996 996
996 996
996 996
996 996
996 996
996 996
997 997
997 997
997 997
997 997
997 997
997 997
998 998
998 998
998 998
998 998
998 998
998 998
999 853
999 853
999 853
999 588
999 853
999 999
